{"0": [[[-0.9848242092040354, 0.0072366904271822475, -0.17098428247121977, 25.274995803833008], [-0.16872440234331168, 0.12612178545083808, 0.97714139237582, 6.96920108795166], [0.028636112749510303, 0.9919883696628474, -0.12298678135275272, 137.6999969482422], [0.0, 0.0, 0.0, 1.0]], [[-0.9848594842935431, 0.006339799913453777, -0.171060151730971, 24.66424115498861], [-0.16900590441796612, 0.12265972873951969, 0.9775749702055501, 6.86232868830363], [0.027179821520965708, 0.9924285354032324, -0.11973113357178705, 137.6999969482422], [0.0, 0.0, 0.0, 1.0]], [[-0.9848921356666254, 0.0054420423555613835, -0.17113386340330747, 24.053486506144203], [-0.16927747394866788, 0.11919304863857487, 0.9779962178494868, 6.7554562886555996], [0.025720263745453397, 0.9928561836093094, -0.11647108104719087, 137.6999969482422], [0.0, 0.0, 0.0, 1.0]], [[-0.9978747848939553, 0.0072366904271822475, 0.06474968595850522, 24.977814992268883], [0.06514511166378205, 0.12612178545083808, 0.9898729230131659, 1.7899033228556318], [-0.0010029420943714513, 0.9919883696628474, -0.1263251845331516, 96.96315574645996], [0.0, 0.0, 0.0, 1.0]], [[-0.9978781194280587, 0.006339799913453777, 0.0647784167323038, 24.404007381863064], [0.0650665525498134, 0.12265972873951969, 0.9903121500861538, 1.8274372948540596], [-0.001667322141151526, 0.9924285354032324, -0.12281196836837173, 96.96315574645999], [0.0, 0.0, 0.0, 1.0]], [[-0.9978802549514585, 0.0054420423555613835, 0.0648063304537657, 23.830199771457252], [0.06499256937549262, 0.11919304863857487, 0.9907388863188726, 1.8649712668524856], [-0.002332821115214231, 0.9928561836093094, -0.11929408207924086, 96.96315574645999], [0.0, 0.0, 0.0, 1.0]], [[-0.9473340541098165, 0.0072366904271822475, 0.3183945725881903, 24.68063418070475], [0.3167249356386622, 0.12612178545083808, 0.9395029652389275, -3.389394442240397], [-0.033357599857825146, 0.9919883696628474, -0.12177150263249711, 56.226314544677734], [0.0, 0.0, 0.0, 1.0]], [[-0.947302234822532, 0.006339799913453777, 0.3185358508400971, 24.143773608737522], [0.3168734623833548, 0.12265972873951969, 0.9399198421206886, -3.207454098595513], [-0.03311261732412819, 0.9924285354032324, -0.11820474950706635, 56.22631454467774], [0.0, 0.0, 0.0, 1.0]], [[-0.9472708527769672, 0.0054420423555613835, 0.31867311138866405, 23.606913036770294], [0.31702040868019526, 0.11919304863857487, 0.9403248637620462, -3.0255137549506292], [-0.03286633192897448, 0.9928561836093094, -0.11463333932056434, 56.22631454467774], [0.0, 0.0, 0.0, 1.0]]], "1": [[[-0.9848242092040354, 0.0072366904271822475, -0.17098428247121977, 25.274995803833008], [-0.16872440234331168, 0.12612178545083808, 0.97714139237582, 6.96920108795166], [0.028636112749510303, 0.9919883696628474, -0.12298678135275272, 137.6999969482422], [0.0, 0.0, 0.0, 1.0]], [[-0.9848594842935431, 0.006339799913453777, -0.171060151730971, 24.66424115498861], [-0.16900590441796612, 0.12265972873951969, 0.9775749702055501, 6.86232868830363], [0.027179821520965708, 0.9924285354032324, -0.11973113357178705, 137.6999969482422], [0.0, 0.0, 0.0, 1.0]], [[-0.9848921356666254, 0.0054420423555613835, -0.17113386340330747, 24.053486506144203], [-0.16927747394866788, 0.11919304863857487, 0.9779962178494868, 6.7554562886555996], [0.025720263745453397, 0.9928561836093094, -0.11647108104719087, 137.6999969482422], [0.0, 0.0, 0.0, 1.0]], [[-0.9978747848939553, 0.0072366904271822475, 0.06474968595850522, 24.977814992268883], [0.06514511166378205, 0.12612178545083808, 0.9898729230131659, 1.7899033228556318], [-0.0010029420943714513, 0.9919883696628474, -0.1263251845331516, 96.96315574645996], [0.0, 0.0, 0.0, 1.0]], [[-0.9978781194280587, 0.006339799913453777, 0.0647784167323038, 24.404007381863064], [0.0650665525498134, 0.12265972873951969, 0.9903121500861538, 1.8274372948540596], [-0.001667322141151526, 0.9924285354032324, -0.12281196836837173, 96.96315574645999], [0.0, 0.0, 0.0, 1.0]], [[-0.9978802549514585, 0.0054420423555613835, 0.0648063304537657, 23.830199771457252], [0.06499256937549262, 0.11919304863857487, 0.9907388863188726, 1.8649712668524856], [-0.002332821115214231, 0.9928561836093094, -0.11929408207924086, 96.96315574645999], [0.0, 0.0, 0.0, 1.0]], [[-0.9473340541098165, 0.0072366904271822475, 0.3183945725881903, 24.68063418070475], [0.3167249356386622, 0.12612178545083808, 0.9395029652389275, -3.389394442240397], [-0.033357599857825146, 0.9919883696628474, -0.12177150263249711, 56.226314544677734], [0.0, 0.0, 0.0, 1.0]], [[-0.947302234822532, 0.006339799913453777, 0.3185358508400971, 24.143773608737522], [0.3168734623833548, 0.12265972873951969, 0.9399198421206886, -3.207454098595513], [-0.03311261732412819, 0.9924285354032324, -0.11820474950706635, 56.22631454467774], [0.0, 0.0, 0.0, 1.0]], [[-0.9472708527769672, 0.0054420423555613835, 0.31867311138866405, 23.606913036770294], [0.31702040868019526, 0.11919304863857487, 0.9403248637620462, -3.0255137549506292], [-0.03286633192897448, 0.9928561836093094, -0.11463333932056434, 56.22631454467774], [0.0, 0.0, 0.0, 1.0]]], "2": [[[-0.9848242092040354, 0.0072366904271822475, -0.17098428247121977, 25.274995803833008], [-0.16872440234331168, 0.12612178545083808, 0.97714139237582, 6.96920108795166], [0.028636112749510303, 0.9919883696628474, -0.12298678135275272, 137.6999969482422], [0.0, 0.0, 0.0, 1.0]], [[-0.9848594842935431, 0.006339799913453777, -0.171060151730971, 24.66424115498861], [-0.16900590441796612, 0.12265972873951969, 0.9775749702055501, 6.86232868830363], [0.027179821520965708, 0.9924285354032324, -0.11973113357178705, 137.6999969482422], [0.0, 0.0, 0.0, 1.0]], [[-0.9848921356666254, 0.0054420423555613835, -0.17113386340330747, 24.053486506144203], [-0.16927747394866788, 0.11919304863857487, 0.9779962178494868, 6.7554562886555996], [0.025720263745453397, 0.9928561836093094, -0.11647108104719087, 137.6999969482422], [0.0, 0.0, 0.0, 1.0]], [[-0.9978747848939553, 0.0072366904271822475, 0.06474968595850522, 24.977814992268883], [0.06514511166378205, 0.12612178545083808, 0.9898729230131659, 1.7899033228556318], [-0.0010029420943714513, 0.9919883696628474, -0.1263251845331516, 96.96315574645996], [0.0, 0.0, 0.0, 1.0]], [[-0.9978781194280587, 0.006339799913453777, 0.0647784167323038, 24.404007381863064], [0.0650665525498134, 0.12265972873951969, 0.9903121500861538, 1.8274372948540596], [-0.001667322141151526, 0.9924285354032324, -0.12281196836837173, 96.96315574645999], [0.0, 0.0, 0.0, 1.0]], [[-0.9978802549514585, 0.0054420423555613835, 0.0648063304537657, 23.830199771457252], [0.06499256937549262, 0.11919304863857487, 0.9907388863188726, 1.8649712668524856], [-0.002332821115214231, 0.9928561836093094, -0.11929408207924086, 96.96315574645999], [0.0, 0.0, 0.0, 1.0]], [[-0.9473340541098165, 0.0072366904271822475, 0.3183945725881903, 24.68063418070475], [0.3167249356386622, 0.12612178545083808, 0.9395029652389275, -3.389394442240397], [-0.033357599857825146, 0.9919883696628474, -0.12177150263249711, 56.226314544677734], [0.0, 0.0, 0.0, 1.0]], [[-0.947302234822532, 0.006339799913453777, 0.3185358508400971, 24.143773608737522], [0.3168734623833548, 0.12265972873951969, 0.9399198421206886, -3.207454098595513], [-0.03311261732412819, 0.9924285354032324, -0.11820474950706635, 56.22631454467774], [0.0, 0.0, 0.0, 1.0]], [[-0.9472708527769672, 0.0054420423555613835, 0.31867311138866405, 23.606913036770294], [0.31702040868019526, 0.11919304863857487, 0.9403248637620462, -3.0255137549506292], [-0.03286633192897448, 0.9928561836093094, -0.11463333932056434, 56.22631454467774], [0.0, 0.0, 0.0, 1.0]]]}